AA 100.0 BA 100.0 100.0 600.0 600.0 1800.0 600.0
AA 100.0 AB 100.0 100.0 600.0 600.0 600.0 1800.0
AA 100.0 BB 100.0 100.0 600.0 600.0 1800.0 1800.0
AB 100.0 BB 100.0 100.0 600.0 1800.0 1800.0 1800.0
AB 100.0 AA 100.0 100.0 600.0 1800.0 600.0 600.0
AB 100.0 BA 100.0 100.0 600.0 1800.0 1800.0 600.0
BA 100.0 AA 100.0 100.0 1800.0 600.0 600.0 600.0
BA 100.0 CA 100.0 100.0 1800.0 600.0 3000.0 600.0
BA 100.0 BB 100.0 100.0 1800.0 600.0 1800.0 1800.0
BA 100.0 AB 100.0 100.0 1800.0 600.0 600.0 1800.0
BA 100.0 CB 100.0 100.0 1800.0 600.0 3000.0 1800.0
BB 100.0 AB 100.0 100.0 1800.0 1800.0 600.0 1800.0
BB 100.0 CB 100.0 100.0 1800.0 1800.0 3000.0 1800.0
BB 100.0 BA 100.0 100.0 1800.0 1800.0 1800.0 600.0
BB 100.0 AA 100.0 100.0 1800.0 1800.0 600.0 600.0
BB 100.0 CA 100.0 100.0 1800.0 1800.0 3000.0 600.0
BB 100.0 CC 100.0 100.0 1800.0 1800.0 3000.0 3000.0
CA 100.0 BA 100.0 100.0 3000.0 600.0 1800.0 600.0
CA 100.0 DA 100.0 100.0 3000.0 600.0 4200.0 600.0
CA 100.0 CB 100.0 100.0 3000.0 600.0 3000.0 1800.0
CA 100.0 BB 100.0 100.0 3000.0 600.0 1800.0 1800.0
CA 100.0 DB 100.0 100.0 3000.0 600.0 4200.0 1800.0
CB 100.0 BB 100.0 100.0 3000.0 1800.0 1800.0 1800.0
CB 100.0 DB 100.0 100.0 3000.0 1800.0 4200.0 1800.0
CB 100.0 CA 100.0 100.0 3000.0 1800.0 3000.0 600.0
CB 100.0 CC 100.0 100.0 3000.0 1800.0 3000.0 3000.0
CB 100.0 BA 100.0 100.0 3000.0 1800.0 1800.0 600.0
CB 100.0 DA 100.0 100.0 3000.0 1800.0 4200.0 600.0
CB 100.0 DC 100.0 100.0 3000.0 1800.0 4200.0 3000.0
CC 100.0 DC 100.0 100.0 3000.0 3000.0 4200.0 3000.0
CC 100.0 CB 100.0 100.0 3000.0 3000.0 3000.0 1800.0
CC 100.0 BB 100.0 100.0 3000.0 3000.0 1800.0 1800.0
CC 100.0 DB 100.0 100.0 3000.0 3000.0 4200.0 1800.0
DA 100.0 CA 100.0 100.0 4200.0 600.0 3000.0 600.0
DA 100.0 EA 100.0 100.0 4200.0 600.0 5400.0 600.0
DA 100.0 DB 100.0 100.0 4200.0 600.0 4200.0 1800.0
DA 100.0 CB 100.0 100.0 4200.0 600.0 3000.0 1800.0
DA 100.0 EB 100.0 100.0 4200.0 600.0 5400.0 1800.0
DB 100.0 CB 100.0 100.0 4200.0 1800.0 3000.0 1800.0
DB 100.0 EB 100.0 100.0 4200.0 1800.0 5400.0 1800.0
DB 100.0 DA 100.0 100.0 4200.0 1800.0 4200.0 600.0
DB 100.0 DC 100.0 100.0 4200.0 1800.0 4200.0 3000.0
DB 100.0 CA 100.0 100.0 4200.0 1800.0 3000.0 600.0
DB 100.0 EA 100.0 100.0 4200.0 1800.0 5400.0 600.0
DB 100.0 CC 100.0 100.0 4200.0 1800.0 3000.0 3000.0
DB 100.0 EC 100.0 100.0 4200.0 1800.0 5400.0 3000.0
DC 100.0 CC 100.0 100.0 4200.0 3000.0 3000.0 3000.0
DC 100.0 EC 100.0 100.0 4200.0 3000.0 5400.0 3000.0
DC 100.0 DB 100.0 100.0 4200.0 3000.0 4200.0 1800.0
DC 100.0 CB 100.0 100.0 4200.0 3000.0 3000.0 1800.0
DC 100.0 EB 100.0 100.0 4200.0 3000.0 5400.0 1800.0
DC 100.0 ED 150.0 100.0 4200.0 3000.0 5400.0 4200.0
EA 100.0 DA 100.0 100.0 5400.0 600.0 4200.0 600.0
EA 100.0 EB 100.0 100.0 5400.0 600.0 5400.0 1800.0
EA 100.0 DB 100.0 100.0 5400.0 600.0 4200.0 1800.0
EB 100.0 DB 100.0 100.0 5400.0 1800.0 4200.0 1800.0
EB 100.0 EA 100.0 100.0 5400.0 1800.0 5400.0 600.0
EB 100.0 EC 100.0 100.0 5400.0 1800.0 5400.0 3000.0
EB 100.0 DA 100.0 100.0 5400.0 1800.0 4200.0 600.0
EB 100.0 DC 100.0 100.0 5400.0 1800.0 4200.0 3000.0
EC 100.0 DC 100.0 100.0 5400.0 3000.0 4200.0 3000.0
EC 100.0 EB 100.0 100.0 5400.0 3000.0 5400.0 1800.0
EC 100.0 ED 150.0 100.0 5400.0 3000.0 5400.0 4200.0
EC 100.0 DB 100.0 100.0 5400.0 3000.0 4200.0 1800.0
ED 150.0 EC 100.0 100.0 5400.0 4200.0 5400.0 3000.0
ED 150.0 EE 100.0 100.0 5400.0 4200.0 5400.0 5400.0
ED 150.0 DC 100.0 100.0 5400.0 4200.0 4200.0 3000.0
EE 100.0 ED 150.0 100.0 5400.0 5400.0 5400.0 4200.0
EE 100.0 EF 100.0 100.0 5400.0 5400.0 5400.0 6600.0
EF 100.0 EE 100.0 100.0 5400.0 6600.0 5400.0 5400.0
EF 100.0 EG 100.0 100.0 5400.0 6600.0 5400.0 7800.0
EG 100.0 EF 100.0 100.0 5400.0 7800.0 5400.0 6600.0
EG 100.0 EH 100.0 100.0 5400.0 7800.0 5400.0 9000.0
EH 100.0 EG 100.0 100.0 5400.0 9000.0 5400.0 7800.0
EH 100.0 EI 100.0 100.0 5400.0 9000.0 5400.0 10200.0
EI 100.0 EH 100.0 100.0 5400.0 10200.0 5400.0 9000.0
EI 100.0 EJ 100.0 100.0 5400.0 10200.0 5400.0 11400.0
EJ 100.0 EI 100.0 100.0 5400.0 11400.0 5400.0 10200.0
EJ 100.0 EK 100.0 100.0 5400.0 11400.0 5400.0 12600.0
EK 100.0 EJ 100.0 100.0 5400.0 12600.0 5400.0 11400.0
EK 100.0 EL 100.0 100.0 5400.0 12600.0 5400.0 13800.0
EL 100.0 EK 100.0 100.0 5400.0 13800.0 5400.0 12600.0
EL 100.0 EM 100.0 100.0 5400.0 13800.0 5400.0 15000.0
EM 100.0 EL 100.0 100.0 5400.0 15000.0 5400.0 13800.0
EM 100.0 EN 100.0 100.0 5400.0 15000.0 5400.0 16200.0